1 [0.9959755715177475, 0.9959755715177475, 0.9959755715177475, 0.9959755715177475]
2 [0.9958895322581109, 0.9958895322581109, 0.9958895322581109, 0.9958895322581109]
3 [0.9960626411078676, 0.9960626411078676, 0.9960626411078676, 0.9960626411078676]
4 [0.9953264013579128, 0.9953264013579128, 0.9953264013579128, 0.9953264013579128]
5 [0.9950753623188405, 0.9950753623188405, 0.9950753623188405, 0.9950753623188405]
6 [0.995753837821955, 0.995753837821955, 0.995753837821955, 0.995753837821955]
7 [0.9956928239679643, 0.9956928239679643, 0.9956928239679643, 0.9956928239679643]
8 [0.9960721086935143, 0.9960721086935143, 0.9960721086935143, 0.9960721086935143]
9 [0.9956754405046769, 0.9956754405046769, 0.9956754405046769, 0.9956754405046769]
12 [0.9964344648750589, 0.9964344648750589, 0.9964344648750589, 0.9964344648750589]
13 [0.9967857037539442, 0.9967857037539442, 0.9967857037539442, 0.9967857037539442]
14 [0.997553282433747, 0.997553282433747, 0.997553282433747, 0.997553282433747]
15 [0.9974958755597455, 0.9974958755597455, 0.9974958755597455, 0.9974958755597455]
16 [0.9967008365735831, 0.9967008365735831, 0.9967008365735831, 0.9967008365735831]
17 [0.9974958755597455, 0.9974958755597455, 0.9974958755597455, 0.9974958755597455]
18 [0.9974661913320173, 0.9974661913320173, 0.9974661913320173, 0.9974661913320173]
19 [0.9971399929236938, 0.9971399929236938, 0.9971399929236938, 0.9971399929236938]
20 [0.9972554227534307, 0.9972554227534307, 0.9972554227534307, 0.9972554227534307]
21 [0.9963500426809525, 0.9963500426809525, 0.9963500426809525, 0.9963500426809525]
22 [0.99728877493885, 0.99728877493885, 0.99728877493885, 0.99728877493885]
23 [0.9971134870843275, 0.9971134870843275, 0.9971134870843275, 0.9971134870843275]
24 [0.9976413008225964, 0.9976413008225964, 0.9976413008225964, 0.9976413008225964]
25 [0.9972012726844214, 0.9972012726844214, 0.9972012726844214, 0.9972012726844214]
26 [0.997668860102098, 0.997668860102098, 0.997668860102098, 0.997668860102098]
27 [0.9969321533923304, 0.9969321533923304, 0.9969321533923304, 0.9969321533923304]
28 [0.9969605760151086, 0.9969605760151086, 0.9969605760151086, 0.9969605760151086]
29 [0.9935162535734284, 0.9935162535734284, 0.9935162535734284, 0.9935162535734284]
30 [0.9970193300870591, 0.9970193300870591, 0.9970193300870591, 0.9970193300870591]
31 [0.997905172159443, 0.997905172159443, 0.997905172159443, 0.997905172159443]
32 [0.997876982956891, 0.997876982956891, 0.997876982956891, 0.997876982956891]
33 [0.9936105058594901, 0.9936105058594901, 0.9936105058594901, 0.99361050585949]
34 [0.9947178942398489, 0.9947178942398489, 0.9947178942398489, 0.9947178942398489]
35 [0.9972273022240575, 0.9972273022240575, 0.9972273022240575, 0.9972273022240575]
36 [0.9974576521713424, 0.9974576521713424, 0.9974576521713424, 0.9974576521713424]
37 [0.9968971631205674, 0.9968971631205674, 0.9968971631205674, 0.9968971631205674]
38 [0.997342467371405, 0.997342467371405, 0.997342467371405, 0.997342467371405]
39 [0.9975202219991735, 0.9975202219991735, 0.9975202219991735, 0.9975202219991735]
40 [0.9971919245662263, 0.9971919245662263, 0.9971919245662263, 0.9971919245662263]
41 [0.9970508434587708, 0.9970508434587708, 0.9970508434587708, 0.9970508434587708]
42 [0.9975228546151578, 0.9975228546151578, 0.9975228546151578, 0.9975228546151578]
43 [0.9971977227810389, 0.9971977227810389, 0.9971977227810389, 0.9971977227810389]
44 [0.9973146044205743, 0.9973146044205743, 0.9973146044205743, 0.9973146044205743]
45 [0.9978150466517066, 0.9978150466517066, 0.9978150466517066, 0.9978150466517066]
46 [0.9969906178084617, 0.9969906178084617, 0.9969906178084617, 0.9969906178084617]
47 [0.9973154758392826, 0.9973154758392826, 0.9973154758392826, 0.9973154758392826]
48 [0.997043694199728, 0.997043694199728, 0.997043694199728, 0.997043694199728]
49 [0.9979364424267437, 0.9979364424267437, 0.9979364424267437, 0.9979364424267437]
50 [0.9976989792908136, 0.9976989792908136, 0.9976989792908136, 0.9976989792908136]
51 [0.9971376298394712, 0.9971376298394712, 0.9971376298394712, 0.9971376298394712]
52 [0.9970737763064554, 0.9970737763064554, 0.9970737763064554, 0.9970737763064554]
53 [0.9966280170373876, 0.9966280170373876, 0.9966280170373876, 0.9966280170373876]
54 [0.9966949952785646, 0.9966949952785646, 0.9966949952785646, 0.9966949952785646]
55 [0.9971083768552123, 0.9971083768552123, 0.9971083768552123, 0.9971083768552123]
56 [0.9936109796497871, 0.9936109796497871, 0.9936109796497871, 0.9936109796497871]
57 [0.9919599469886614, 0.9919599469886614, 0.9919599469886614, 0.9919599469886614]
58 [0.9974338554110256, 0.9974338554110256, 0.9974338554110256, 0.9974338554110256]
59 [0.9973157134007846, 0.9973157134007846, 0.9973157134007846, 0.9973157134007846]
60 [0.9963733930888077, 0.9963733930888077, 0.9963733930888077, 0.9963733930888077]
61 [0.9966658798536527, 0.9966658798536527, 0.9966658798536527, 0.9966658798536527]
62 [0.9972544504472589, 0.9972544504472589, 0.9972544504472589, 0.9972544504472589]
63 [0.9973452893634593, 0.9973452893634593, 0.9973452893634593, 0.9973452893634593]
64 [0.9972241908811718, 0.9972241908811718, 0.9972241908811718, 0.9972241908811718]
65 [0.9970780945634851, 0.9970780945634851, 0.9970780945634851, 0.9970780945634851]
66 [0.9976409530549658, 0.9976409530549658, 0.9976409530549658, 0.9976409530549658]
67 [0.997402980669913, 0.997402980669913, 0.997402980669913, 0.997402980669913]
70 [0.9901280857925718, 0.9901280857925718, 0.9901280857925718, 0.9901280857925718]
71 [0.9901807777344258, 0.9901807777344258, 0.9901807777344258, 0.9901807777344258]
72 [0.9901749497027743, 0.9901749497027743, 0.9901749497027743, 0.9901749497027743]
73 [0.9901651089328166, 0.9901651089328166, 0.9901651089328166, 0.9901651089328166]
74 [0.9902425043804511, 0.9902425043804511, 0.9902425043804511, 0.9902425043804511]
75 [0.9901171875, 0.9901171875, 0.9901171875, 0.9901171875]
76 [0.9901271415631049, 0.9901271415631049, 0.9901271415631049, 0.9901271415631049]
77 [0.98964629761819, 0.98964629761819, 0.98964629761819, 0.98964629761819]
78 [0.9901453126730106, 0.9901453126730106, 0.9901453126730106, 0.9901453126730106]
79 [0.990030429994722, 0.990030429994722, 0.990030429994722, 0.990030429994722]
80 [0.9899710578517772, 0.9899710578517772, 0.9899710578517772, 0.9899710578517772]
81 [0.9901565850172178, 0.9901565850172178, 0.9901565850172178, 0.9901565850172178]
82 [0.9893263307792302, 0.9893263307792302, 0.9893263307792302, 0.9893263307792302]
83 [0.9902396724389735, 0.9902396724389735, 0.9902396724389735, 0.9902396724389735]
84 [0.9899801166921999, 0.9899801166921999, 0.9899801166921999, 0.9899801166921999]
85 [0.9900022796105122, 0.9900022796105122, 0.9900022796105122, 0.9900022796105122]
86 [0.9902114992135401, 0.9902114992135401, 0.9902114992135401, 0.9902114992135401]
87 [0.9901183837197925, 0.9901183837197925, 0.9901183837197925, 0.9901183837197925]
88 [0.990119652515981, 0.990119652515981, 0.990119652515981, 0.990119652515981]
89 [0.9900870168730235, 0.9900870168730235, 0.9900870168730235, 0.9900870168730235]
90 [0.9900805220502001, 0.9900805220502001, 0.9900805220502001, 0.9900805220502001]
91 [0.9901518583443304, 0.9901518583443304, 0.9901518583443304, 0.9901518583443304]
92 [0.9888726957617772, 0.9888726957617772, 0.9888726957617772, 0.9888726957617772]
93 [0.990201929446022, 0.990201929446022, 0.990201929446022, 0.990201929446022]
94 [0.9900472102723267, 0.9900472102723267, 0.9900472102723267, 0.9900472102723267]
95 [0.9901278194501005, 0.9901278194501005, 0.9901278194501005, 0.9901278194501005]
96 [0.9899620628878071, 0.9899620628878071, 0.9899620628878071, 0.9899620628878071]
97 [0.9902318303533433, 0.9902318303533433, 0.9902318303533433, 0.9902318303533433]
98 [0.9899332158001324, 0.9899332158001324, 0.9899332158001324, 0.9899332158001324]
99 [0.9901134947188873, 0.9901134947188873, 0.9901134947188873, 0.9901134947188873]
100 [0.9901305233376776, 0.9901305233376776, 0.9901305233376776, 0.9901305233376776]
108 [0.975275436965698, 0.975275436965698, 0.975275436965698, 0.975275436965698]
109 [0.9838989922390826, 0.9838989922390826, 0.9838989922390826, 0.9838989922390826]
110 [0.9784725337867088, 0.9784725337867088, 0.9784725337867088, 0.9784725337867088]
111 [0.9772991180250853, 0.9772991180250853, 0.9772991180250853, 0.9772991180250853]
112 [0.97879797605825, 0.97879797605825, 0.97879797605825, 0.97879797605825]
113 [0.9800108092641753, 0.9800108092641753, 0.9800108092641753, 0.9800108092641753]
114 [0.9829744499976645, 0.9829744499976645, 0.9829744499976645, 0.9829744499976645]
115 [0.9790943454447273, 0.9790943454447273, 0.9790943454447273, 0.9790943454447273]
116 [0.9777424612216105, 0.9777424612216105, 0.9777424612216105, 0.9777424612216105]
117 [0.981766682907091, 0.981766682907091, 0.981766682907091, 0.981766682907091]
118 [0.9814229463890464, 0.9814229463890464, 0.9814229463890464, 0.9814229463890464]
119 [0.9816788426818213, 0.9816788426818213, 0.9816788426818213, 0.9816788426818213]
120 [0.9745216099033261, 0.9745216099033261, 0.9745216099033261, 0.9745216099033261]
121 [0.975060873247531, 0.975060873247531, 0.975060873247531, 0.975060873247531]
122 [0.9785818620602058, 0.9785818620602058, 0.9785818620602058, 0.9785818620602058]
123 [0.9801635899064121, 0.9801635899064121, 0.9801635899064121, 0.9801635899064121]
124 [0.9791561021759697, 0.9791561021759697, 0.9791561021759697, 0.9791561021759697]
125 [0.9802411795113144, 0.9802411795113144, 0.9802411795113144, 0.9802411795113144]
126 [0.9793115130236605, 0.9793115130236605, 0.9793115130236605, 0.9793115130236605]
127 [0.9804389458005289, 0.9804389458005289, 0.9804389458005289, 0.9804389458005289]
128 [0.9764245410171867, 0.9764245410171867, 0.9764245410171867, 0.9764245410171867]
129 [0.9757032639065278, 0.9757032639065278, 0.9757032639065278, 0.9757032639065278]
130 [0.9755037757945322, 0.9755037757945322, 0.9755037757945322, 0.9755037757945322]
131 [0.9748394439476465, 0.9748394439476465, 0.9748394439476465, 0.9748394439476465]
132 [0.9771438174866602, 0.9771438174866602, 0.9771438174866602, 0.9771438174866602]
133 [0.9725191213963522, 0.9725191213963522, 0.9725191213963522, 0.9725191213963522]
134 [0.9770059819783438, 0.9770059819783438, 0.9770059819783438, 0.9770059819783438]
135 [0.9734026117643232, 0.9734026117643232, 0.9734026117643232, 0.9734026117643232]
139 [0.9999756603325328, 0.9999756603325328, 0.9999756603325328, 0.9999756603325328]
140 [0.9999400697100647, 0.9999400697100647, 0.9999400697100647, 0.9999400697100647]
141 [0.9999936267743459, 0.9999936267743459, 0.9999936267743459, 0.9999936267743459]
142 [0.9999223686866334, 0.9999223686866334, 0.9999223686866334, 0.9999223686866334]