1 [0.9939648129609813, 0.9939648129609813, 0.9939648129609813, 0.9939648129609813]
2 [0.9938098662447864, 0.9938098662447864, 0.9938098662447864, 0.9938098662447864]
3 [0.9938221894988726, 0.9938221894988726, 0.9938221894988726, 0.9938221894988726]
4 [0.9933316782809009, 0.9933316782809009, 0.9933316782809009, 0.9933316782809009]
5 [0.9928521739130435, 0.9928521739130435, 0.9928521739130435, 0.9928521739130435]
6 [0.9932994947254407, 0.9932994947254407, 0.9932994947254407, 0.9932994947254407]
7 [0.9934441164260344, 0.9934441164260344, 0.9934441164260344, 0.9934441164260344]
8 [0.9934674415139324, 0.9934674415139324, 0.9934674415139324, 0.9934674415139324]
9 [0.9932071837946956, 0.9932071837946956, 0.9932071837946956, 0.9932071837946956]
12 [0.9978194247996228, 0.9978194247996228, 0.9978194247996228, 0.9978194247996228]
13 [0.9981127624439726, 0.9981127624439726, 0.9981127624439726, 0.9981127624439726]
14 [0.9981134300200448, 0.9981134300200448, 0.9981134300200448, 0.9981134300200448]
15 [0.9985859061984445, 0.9985859061984445, 0.9985859061984445, 0.9985859061984445]
16 [0.9971721456344999, 0.9971721456344999, 0.9971721456344999, 0.9971721456344999]
17 [0.9985269856233797, 0.9985269856233797, 0.9985269856233797, 0.9985269856233797]
18 [0.9982322785928938, 0.9982322785928938, 0.9982322785928938, 0.9982322785928938]
19 [0.998584738766364, 0.998584738766364, 0.998584738766364, 0.998584738766364]
20 [0.9979342501327982, 0.9979342501327982, 0.9979342501327982, 0.9979342501327982]
21 [0.9978218637781833, 0.9978218637781833, 0.9978218637781833, 0.9978218637781833]
22 [0.9986444274179289, 0.9986444274179289, 0.9986444274179289, 0.9986444274179289]
23 [0.9983506126295947, 0.9983506126295947, 0.9983506126295947, 0.9983506126295947]
24 [0.9987617194410048, 0.9987617194410048, 0.9987617194410048, 0.9987617194410048]
25 [0.9981734621729909, 0.9981734621729909, 0.9981734621729909, 0.9981734621729909]
26 [0.9986426674535261, 0.9986426674535261, 0.9986426674535261, 0.9986426674535261]
27 [0.9981710914454277, 0.9981710914454277, 0.9981710914454277, 0.9981710914454277]
28 [0.9981704438149197, 0.9981704438149197, 0.9981704438149197, 0.9981704438149197]
29 [0.9946363314865024, 0.9946363314865024, 0.9946363314865024, 0.9946363314865024]
30 [0.9979342501327982, 0.9979342501327982, 0.9979342501327982, 0.9979342501327982]
31 [0.9991738950846758, 0.9991738950846758, 0.9991738950846758, 0.9991738950846758]
32 [0.9982308191307425, 0.9982308191307425, 0.9982308191307425, 0.9982308191307425]
33 [0.99464106943054, 0.99464106943054, 0.99464106943054, 0.99464106943054]
34 [0.9954556185080264, 0.9954556185080264, 0.9954556185080264, 0.9954556185080264]
35 [0.9985841543271783, 0.9985841543271783, 0.9985841543271783, 0.9985841543271783]
36 [0.9986401797327658, 0.9986401797327658, 0.9986401797327658, 0.9986401797327658]
37 [0.9984042553191489, 0.9984042553191489, 0.9984042553191489, 0.9984042553191489]
38 [0.9985826492647493, 0.9985826492647493, 0.9985826492647493, 0.9985826492647493]
39 [0.9987601109995867, 0.9987601109995867, 0.9987601109995867, 0.9987601109995867]
40 [0.9980491842043037, 0.9980491842043037, 0.9980491842043037, 0.9980491842043037]
41 [0.9982305060752624, 0.9982305060752624, 0.9982305060752624, 0.9982305060752624]
42 [0.9984665290474786, 0.9984665290474786, 0.9984665290474786, 0.9984665290474786]
43 [0.9974042829331603, 0.9974042829331603, 0.9974042829331603, 0.9974042829331603]
44 [0.9988196411709159, 0.9988196411709159, 0.9988196411709159, 0.9988196411709159]
45 [0.9990551553088461, 0.9990551553088461, 0.9990551553088461, 0.9990551553088461]
46 [0.9984067976633032, 0.9984067976633032, 0.9984067976633032, 0.9984067976633032]
47 [0.9988789899109092, 0.9988789899109092, 0.9988789899109092, 0.9988789899109092]
48 [0.9984035948678531, 0.9984035948678531, 0.9984035948678531, 0.9984035948678531]
49 [0.9989977006072756, 0.9989977006072756, 0.9989977006072756, 0.9989977006072756]
50 [0.9985249867248805, 0.9985249867248805, 0.9985249867248805, 0.9985249867248805]
51 [0.9978753541076487, 0.9978753541076487, 0.9978753541076487, 0.9978753541076487]
52 [0.9984629936155119, 0.9984629936155119, 0.9984629936155119, 0.9984629936155119]
53 [0.997870326549929, 0.997870326549929, 0.997870326549929, 0.997870326549929]
54 [0.9982884796978282, 0.9982884796978282, 0.9982884796978282, 0.9982884796978282]
55 [0.9987607695031275, 0.9987607695031275, 0.9987607695031275, 0.9987607695031275]
56 [0.9955040227165168, 0.9955040227165168, 0.9955040227165168, 0.9955040227165168]
57 [0.9928731299328543, 0.9928731299328543, 0.9928731299328543, 0.9928731299328543]
58 [0.9987612081170364, 0.9987612081170364, 0.9987612081170364, 0.9987612081170364]
59 [0.9985251607574774, 0.9985251607574774, 0.9985251607574774, 0.9985251607574774]
60 [0.9973463851869324, 0.9973463851869324, 0.9973463851869324, 0.9973463851869324]
61 [0.9979936268145875, 0.9979936268145875, 0.9979936268145875, 0.9979936268145875]
62 [0.9983468146661156, 0.9983468146661156, 0.9983468146661156, 0.9983468146661156]
63 [0.9983481800483748, 0.9983481800483748, 0.9983481800483748, 0.9983481800483748]
64 [0.9984644460193716, 0.9984644460193716, 0.9984644460193716, 0.9984644460193716]
65 [0.9984652617909214, 0.9984652617909214, 0.9984652617909214, 0.9984652617909214]
66 [0.998761500353857, 0.998761500353857, 0.998761500353857, 0.998761500353857]
67 [0.9986425072301245, 0.9986425072301245, 0.9986425072301245, 0.9986425072301245]
70 [0.9888301847214757, 0.9888301847214757, 0.9888301847214757, 0.9888301847214757]
71 [0.9887501625699051, 0.9887501625699051, 0.9887501625699051, 0.9887501625699051]
72 [0.9891788420970389, 0.9891788420970389, 0.9891788420970389, 0.9891788420970389]
73 [0.9889797832430179, 0.9889797832430179, 0.9889797832430179, 0.9889797832430179]
74 [0.9894869857481566, 0.9894869857481566, 0.9894869857481566, 0.9894869857481566]
75 [0.9889192708333333, 0.9889192708333333, 0.9889192708333333, 0.9889192708333333]
76 [0.9892213851888538, 0.9892213851888538, 0.9892213851888538, 0.9892213851888538]
77 [0.9880943025540275, 0.9880943025540275, 0.9880943025540275, 0.9880943025540275]
78 [0.989044629132689, 0.989044629132689, 0.989044629132689, 0.989044629132689]
79 [0.9889358042067402, 0.9889358042067402, 0.9889358042067402, 0.9889358042067402]
80 [0.9888394599235152, 0.9888394599235152, 0.9888394599235152, 0.9888394599235152]
81 [0.9889805730621792, 0.9889805730621792, 0.9889805730621792, 0.9889805730621792]
82 [0.9881244774247492, 0.9881244774247492, 0.9881244774247492, 0.9881244774247492]
83 [0.9884597329438765, 0.9884597329438765, 0.9884597329438765, 0.9884597329438765]
84 [0.988695924274427, 0.988695924274427, 0.988695924274427, 0.988695924274427]
85 [0.98899280950396, 0.98899280950396, 0.98899280950396, 0.98899280950396]
86 [0.9890675575545648, 0.9890675575545648, 0.9890675575545648, 0.9890675575545648]
87 [0.9886117561115605, 0.9886117561115605, 0.9886117561115605, 0.9886117561115605]
88 [0.9883036334788823, 0.9883036334788823, 0.9883036334788823, 0.9883036334788823]
89 [0.9888954363910168, 0.9888954363910168, 0.9888954363910168, 0.9888954363910168]
90 [0.9890847146694621, 0.9890847146694621, 0.9890847146694621, 0.9890847146694621]
91 [0.9889176306839818, 0.9889176306839818, 0.9889176306839818, 0.9889176306839818]
92 [0.9874481382280342, 0.9874481382280342, 0.9874481382280342, 0.9874481382280342]
93 [0.9884181532004197, 0.9884181532004197, 0.9884181532004197, 0.9884181532004197]
94 [0.9889341417739422, 0.9889341417739422, 0.9889341417739422, 0.9889341417739422]
95 [0.9887681778174796, 0.9887681778174796, 0.9887681778174796, 0.9887681778174796]
96 [0.9890579339806843, 0.9890579339806843, 0.9890579339806843, 0.9890579339806843]
97 [0.989171282293017, 0.989171282293017, 0.989171282293017, 0.989171282293017]
98 [0.9886487265863602, 0.9886487265863602, 0.9886487265863602, 0.9886487265863602]
99 [0.9885980450042643, 0.9885980450042643, 0.9885980450042643, 0.9885980450042643]
100 [0.9889190144995874, 0.9889190144995874, 0.9889190144995874, 0.9889190144995874]
108 [0.9760906999070448, 0.9760906999070448, 0.9760906999070448, 0.9760906999070448]
109 [0.9844937295360474, 0.9844937295360474, 0.9844937295360474, 0.9844937295360474]
110 [0.9792047100308545, 0.9792047100308545, 0.9792047100308545, 0.9792047100308545]
111 [0.9793823571124664, 0.9793823571124664, 0.9793823571124664, 0.9793823571124664]
112 [0.9797936583680252, 0.9797936583680252, 0.9797936583680252, 0.9797936583680252]
113 [0.9801141331129091, 0.9801141331129091, 0.9801141331129091, 0.9801141331129091]
114 [0.9834648979401186, 0.9834648979401186, 0.9834648979401186, 0.9834648979401186]
115 [0.9796189153745275, 0.9796189153745275, 0.9796189153745275, 0.9796189153745275]
116 [0.9801021649233763, 0.9801021649233763, 0.9801021649233763, 0.9801021649233763]
117 [0.9841946192340089, 0.9841946192340089, 0.9841946192340089, 0.9841946192340089]
118 [0.9813298954660536, 0.9813298954660536, 0.9813298954660536, 0.9813298954660536]
119 [0.9818846651938752, 0.9818846651938752, 0.9818846651938752, 0.9818846651938752]
120 [0.9750118735732561, 0.9750118735732561, 0.9750118735732561, 0.9750118735732561]
121 [0.9769059754087204, 0.9769059754087204, 0.9769059754087204, 0.9769059754087204]
122 [0.9807570176552776, 0.9807570176552776, 0.9807570176552776, 0.9807570176552776]
123 [0.9797704903161428, 0.9797704903161428, 0.9797704903161428, 0.9797704903161428]
124 [0.9793833159257073, 0.9793833159257073, 0.9793833159257073, 0.9793833159257073]
125 [0.9799404385328745, 0.9799404385328745, 0.9799404385328745, 0.9799404385328745]
126 [0.9802125038497074, 0.9802125038497074, 0.9802125038497074, 0.9802125038497074]
127 [0.9810925008359425, 0.9810925008359425, 0.9810925008359425, 0.9810925008359425]
128 [0.9767445402211324, 0.9767445402211324, 0.9767445402211324, 0.9767445402211324]
129 [0.9769177038354077, 0.9769177038354077, 0.9769177038354077, 0.9769177038354077]
130 [0.975851263164696, 0.975851263164696, 0.975851263164696, 0.975851263164696]
131 [0.9767010812129095, 0.9767010812129095, 0.9767010812129095, 0.9767010812129095]
132 [0.9781019444397762, 0.9781019444397762, 0.9781019444397762, 0.9781019444397762]
133 [0.9721840883833431, 0.9721840883833431, 0.9721840883833431, 0.9721840883833431]
134 [0.9774184320786148, 0.9774184320786148, 0.9774184320786148, 0.9774184320786148]
135 [0.9741425574474313, 0.9741425574474313, 0.9741425574474313, 0.9741425574474313]
139 [0.9999767185912631, 0.9999767185912631, 0.9999767185912631, 0.9999767185912631]
140 [0.9999459036320938, 0.9999459036320938, 0.9999459036320938, 0.9999459036320938]
141 [0.9999936267777307, 0.9999936267777307, 0.9999936267777307, 0.9999936267777307]
142 [0.9999265090233463, 0.9999265090233463, 0.9999265090233463, 0.9999265090233463]