NetBios
1 [0.9939590596844903, 0.9939590596844903, 0.9939590596844903, 0.9939590596844902]
2 [0.9938098662447864, 0.9938098662447864, 0.9938098662447864, 0.9938098662447864]
3 [0.9938221894988726, 0.9938221894988726, 0.9938221894988726, 0.9938221894988726]
4 [0.9933374517196187, 0.9933374517196187, 0.9933374517196187, 0.9933374517196187]
5 [0.9928173913043479, 0.9928173913043479, 0.9928173913043479, 0.9928173913043479]
6 [0.9932764491355023, 0.9932764491355023, 0.9932764491355023, 0.9932764491355023]
7 [0.9934152866829651, 0.9934152866829651, 0.9934152866829651, 0.9934152866829651]
8 [0.9934614811503502, 0.9934614811503502, 0.9934614811503502, 0.9934614811503502]
9 [0.993195582059076, 0.993195582059076, 0.993195582059076, 0.993195582059076]
LDAP
12 [0.9921027817067422, 0.9921027817067422, 0.9921027817067422, 0.9921027817067422]
13 [0.9925100259495164, 0.9925100259495164, 0.9925100259495164, 0.9925100259495164]
14 [0.9936917816295249, 0.9936917816295249, 0.9936917816295249, 0.9936917816295249]
15 [0.9939901013433892, 0.9939901013433892, 0.9939901013433892, 0.9939901013433892]
16 [0.9921055732296453, 0.9921055732296453, 0.9921055732296453, 0.9921055732296453]
17 [0.9934598161678058, 0.9934598161678058, 0.9934598161678058, 0.9934598161678058]
18 [0.9939897472158388, 0.9939897472158388, 0.9939897472158388, 0.9939897472158388]
19 [0.9926878169595471, 0.9926878169595471, 0.9926878169595471, 0.9926878169595471]
20 [0.9931535147258455, 0.9931535147258455, 0.9931535147258455, 0.9931535147258455]
21 [0.9929357744157297, 0.9929357744157297, 0.9929357744157297, 0.9929357744157297]
22 [0.9937525785348028, 0.9937525785348028, 0.9937525785348028, 0.9937525785348028]
23 [0.9929901036757776, 0.9929901036757776, 0.9929901036757776, 0.9929901036757776]
24 [0.9942213573913556, 0.9942213573913556, 0.9942213573913556, 0.9942213573913556]
25 [0.9922814046665095, 0.9922814046665095, 0.9922814046665095, 0.9922814046665095]
26 [0.9930362938920035, 0.9930362938920035, 0.9930362938920035, 0.9930362938920035]
27 [0.9936283185840707, 0.9936283185840707, 0.9936283185840707, 0.9936283185840707]
28 [0.9940982058545798, 0.9940982058545798, 0.9940982058545798, 0.9940982058545798]
29 [0.9904514912177296, 0.9904514912177296, 0.9904514912177296, 0.9904514912177296]
30 [0.993625686124063, 0.993625686124063, 0.993625686124063, 0.993625686124063]
31 [0.9936271906532129, 0.9936271906532129, 0.9936271906532129, 0.9936271906532129]
32 [0.9928643038273279, 0.9928643038273279, 0.9928643038273279, 0.9928643038273279]
33 [0.9895765855956657, 0.9895765855956657, 0.9895765855956657, 0.9895765855956657]
34 [0.9907341831916903, 0.9907341831916903, 0.9907341831916903, 0.9907341831916903]
35 [0.9941006430299097, 0.9941006430299097, 0.9941006430299097, 0.9941006430299097]
36 [0.994324228449805, 0.994324228449805, 0.994324228449805, 0.994324228449805]
37 [0.9923167848699763, 0.9923167848699763, 0.9923167848699763, 0.9923167848699763]
38 [0.9941534282170909, 0.9941534282170909, 0.9941534282170909, 0.9941534282170909]
39 [0.9929739623309913, 0.9929739623309913, 0.9929739623309913, 0.9929739623309913]
40 [0.9932017025301489, 0.9932017025301489, 0.9932017025301489, 0.9932017025301489]
41 [0.9938067712634187, 0.9938067712634187, 0.9938067712634187, 0.9938067712634187]
42 [0.9945738720141551, 0.9945738720141551, 0.9945738720141551, 0.9945738720141551]
43 [0.9925668102176862, 0.9925668102176862, 0.9925668102176862, 0.9925668102176862]
44 [0.9938031161473088, 0.9938031161473088, 0.9938031161473088, 0.9938031161473088]
45 [0.9945671430258651, 0.9945671430258651, 0.9945671430258651, 0.9945671430258651]
46 [0.9935681831592612, 0.9935681831592612, 0.9935681831592612, 0.9935681831592612]
47 [0.993863944775503, 0.993863944775503, 0.993863944775503, 0.993863944775503]
48 [0.9938508839354343, 0.9938508839354343, 0.9938508839354343, 0.9938508839354343]
49 [0.9941041212192677, 0.9941041212192677, 0.9941041212192677, 0.9941041212192677]
50 [0.9932739394654552, 0.9932739394654552, 0.9932739394654552, 0.9932739394654552]
51 [0.9927998111425873, 0.9927998111425873, 0.9927998111425873, 0.9927998111425873]
52 [0.9946795932844644, 0.9946795932844644, 0.9946795932844644, 0.9946795932844644]
53 [0.9921320397539044, 0.9921320397539044, 0.9921320397539044, 0.9921320397539044]
54 [0.9937440982058546, 0.9937440982058546, 0.9937440982058546, 0.9937440982058546]
55 [0.9938628584916794, 0.9938628584916794, 0.9938628584916794, 0.9938628584916794]
56 [0.9905347846663511, 0.9905347846663511, 0.9905347846663511, 0.9905347846663511]
57 [0.9875721521969608, 0.9875721521969608, 0.9875721521969608, 0.9875721521969608]
58 [0.9939830108541765, 0.9939830108541765, 0.9939830108541765, 0.9939830108541765]
59 [0.9929797652055926, 0.9929797652055926, 0.9929797652055926, 0.9929797652055926]
60 [0.9920391555607972, 0.9920391555607972, 0.9920391555607972, 0.9920391555607972]
61 [0.9930367048270978, 0.9930367048270978, 0.9930367048270978, 0.9930367048270978]
62 [0.9940957666646986, 0.9940957666646986, 0.9940957666646986, 0.9940957666646986]
63 [0.992684797357088, 0.992684797357088, 0.992684797357088, 0.992684797357088]
64 [0.9940940231514293, 0.9940940231514293, 0.9940940231514293, 0.9940940231514293]
65 [0.9941561891269701, 0.9941561891269701, 0.9941561891269701, 0.9941561891269701]
66 [0.9944562396791696, 0.9944562396791696, 0.9944562396791696, 0.9944562396791696]
67 [0.9944519860709438, 0.9944519860709438, 0.9944519860709438, 0.9944519860709438]
MSSQL
70 [0.9779750121268534, 0.9779750121268534, 0.9779750121268534, 0.9779750121268534]
71 [0.9775653531018338, 0.9775653531018338, 0.9775653531018338, 0.9775653531018338]
72 [0.9788655363700289, 0.9788655363700289, 0.9788655363700289, 0.9788655363700289]
73 [0.9783894330971238, 0.9783894330971238, 0.9783894330971238, 0.9783894330971238]
74 [0.9786222349600062, 0.9786222349600062, 0.9786222349600062, 0.9786222349600062]
75 [0.9780859375, 0.9780859375, 0.9780859375, 0.9780859375]
76 [0.9784558037692568, 0.9784558037692568, 0.9784558037692568, 0.9784558037692568]
77 [0.9776817288801571, 0.9776817288801571, 0.9776817288801571, 0.9776817288801573]
78 [0.9779199124612459, 0.9779199124612459, 0.9779199124612459, 0.9779199124612459]
79 [0.9781452811009461, 0.9781452811009461, 0.9781452811009461, 0.9781452811009461]
80 [0.9782772704805016, 0.9782772704805016, 0.9782772704805016, 0.9782772704805016]
81 [0.9783769735559743, 0.9783769735559743, 0.9783769735559743, 0.9783769735559743]
82 [0.9774770066889632, 0.9774770066889632, 0.9774770066889632, 0.9774770066889632]
83 [0.9775714583767995, 0.9775714583767995, 0.9775714583767995, 0.9775714583767995]
84 [0.9783827479204151, 0.9783827479204151, 0.9783827479204151, 0.9783827479204151]
85 [0.9787932471863277, 0.9787932471863277, 0.9787932471863277, 0.9787932471863277]
86 [0.9783431045016704, 0.9783431045016704, 0.9783431045016704, 0.9783431045016704]
87 [0.9784497377964465, 0.9784497377964465, 0.9784497377964465, 0.9784497377964465]
88 [0.9784692445878079, 0.9784692445878079, 0.9784692445878079, 0.9784692445878079]
89 [0.9791789432331566, 0.9791789432331566, 0.9791789432331566, 0.9791789432331566]
90 [0.979702548647055, 0.979702548647055, 0.979702548647055, 0.979702548647055]
91 [0.979095815223814, 0.979095815223814, 0.979095815223814, 0.979095815223814]
92 [0.9772727272727273, 0.9772727272727273, 0.9772727272727273, 0.9772727272727273]
93 [0.9792759706190975, 0.9792759706190975, 0.9792759706190975, 0.9792759706190975]
94 [0.9792564267099697, 0.9792564267099697, 0.9792564267099697, 0.9792564267099697]
95 [0.9792047081696728, 0.9792047081696728, 0.9792047081696728, 0.9792047081696728]
96 [0.9790986882625048, 0.9790986882625048, 0.9790986882625048, 0.9790986882625048]
97 [0.9790365452855141, 0.9790365452855141, 0.9790365452855141, 0.9790365452855141]
98 [0.9787917316590423, 0.9787917316590423, 0.9787917316590423, 0.9787917316590423]
99 [0.9788230663255265, 0.9788230663255265, 0.9788230663255265, 0.9788230663255265]
100 [0.9790954457935479, 0.9790954457935479, 0.9790954457935479, 0.9790954457935479]
UDP
108 [0.9571796473797297, 0.9571796473797297, 0.9571796473797297, 0.9571796473797297]
109 [0.9688330141471552, 0.9688330141471552, 0.9688330141471552, 0.9688330141471552]
110 [0.9655405830867074, 0.9655405830867074, 0.9655405830867074, 0.9655405830867074]
111 [0.9600234009360374, 0.9600234009360374, 0.9600234009360374, 0.9600234009360374]
112 [0.958057031905616, 0.958057031905616, 0.958057031905616, 0.958057031905616]
113 [0.9566198795084964, 0.9566198795084964, 0.9566198795084964, 0.9566198795084964]
114 [0.970059320846373, 0.970059320846373, 0.970059320846373, 0.970059320846373]
115 [0.9620766797809149, 0.9620766797809149, 0.9620766797809149, 0.9620766797809148]
116 [0.9580312981431931, 0.9580312981431931, 0.9580312981431931, 0.9580312981431931]
117 [0.9704371665923467, 0.9704371665923467, 0.9704371665923467, 0.9704371665923467]
118 [0.9645858250104845, 0.9645858250104845, 0.9645858250104845, 0.9645858250104845]
119 [0.9596404357431249, 0.9596404357431249, 0.9596404357431249, 0.9596404357431249]
120 [0.9600128694213357, 0.9600128694213357, 0.9600128694213357, 0.9600128694213357]
121 [0.9626896144946386, 0.9626896144946386, 0.9626896144946386, 0.9626896144946386]
122 [0.9658484694525594, 0.9658484694525594, 0.9658484694525594, 0.9658484694525594]
123 [0.9692323974539242, 0.9692323974539242, 0.9692323974539242, 0.9692323974539242]
124 [0.9679548309946566, 0.9679548309946566, 0.9679548309946566, 0.9679548309946566]
125 [0.9660376193929668, 0.9660376193929668, 0.9660376193929668, 0.9660376193929668]
126 [0.9686633815829997, 0.9686633815829997, 0.9686633815829997, 0.9686633815829997]
127 [0.9686445572544609, 0.9686445572544609, 0.9686445572544609, 0.9686445572544609]
128 [0.9609515397033291, 0.9609515397033291, 0.9609515397033291, 0.9609515397033292]
129 [0.9580581661163322, 0.9580581661163322, 0.9580581661163322, 0.9580581661163322]
130 [0.9492149641403372, 0.9492149641403372, 0.9492149641403372, 0.9492149641403372]
131 [0.9602796520608081, 0.9602796520608081, 0.9602796520608081, 0.960279652060808]
132 [0.9466917634404988, 0.9466917634404988, 0.9466917634404988, 0.9466917634404988]
133 [0.9567562267111198, 0.9567562267111198, 0.9567562267111198, 0.9567562267111198]
134 [0.9598849046761682, 0.9598849046761682, 0.9598849046761682, 0.9598849046761682]
135 [0.9546275064643607, 0.9546275064643607, 0.9546275064643607, 0.9546275064643607]
SYN
139 [0.9999767185912631, 0.9999767185912631, 0.9999767185912631, 0.9999767185912631]
140 [0.9999459036320938, 0.9999459036320938, 0.9999459036320938, 0.9999459036320938]
141 [0.9999936267777307, 0.9999936267777307, 0.9999936267777307, 0.9999936267777307]
142 [0.9999265090233463, 0.9999265090233463, 0.9999265090233463, 0.9999265090233463]